## colours retrieved from I Want Hue
iwh_vec <- c("#c77533","#8a66d3","#86a83c","#c85998","#60a16c",
             "#897bbf","#c8615d","#49afcf")
col_vec0 <- col_vec <- c("#000000", iwh_vec)
